      0.0  0.000000E+00  0.000000E+00      0
     50.0  0.000000E+00  0.000000E+00      0
    100.0  0.000000E+00  0.000000E+00      0
    150.0  0.000000E+00  0.000000E+00      0
    200.0  0.000000E+00  0.000000E+00      0
    250.0  0.000000E+00  0.000000E+00      0
    300.0  0.000000E+00  0.000000E+00      0
    350.0  0.000000E+00  0.000000E+00      0
    400.0  0.000000E+00  0.000000E+00      0
    450.0  0.000000E+00  0.000000E+00      0
    500.0  0.000000E+00  0.000000E+00      0
    550.0  0.000000E+00  0.000000E+00      0
    600.0  0.872981E-04  0.872943E-04      1
    650.0  0.174596E-03  0.123447E-03      2
    700.0  0.174596E-03  0.123447E-03      2
    750.0  0.523789E-03  0.213780E-03      6
    800.0  0.523789E-03  0.213780E-03      6
    850.0  0.436491E-03  0.195162E-03      5
    900.0  0.698385E-03  0.246830E-03      8
    950.0  0.872981E-03  0.275940E-03     10
   1000.0  0.872981E-03  0.275940E-03     10
   1050.0  0.113488E-02  0.314579E-03     13
   1100.0  0.139677E-02  0.348949E-03     16
   1150.0  0.174596E-02  0.390068E-03     20
   1200.0  0.192056E-02  0.409071E-03     22
   1250.0  0.192056E-02  0.409071E-03     22
   1300.0  0.226975E-02  0.444629E-03     26
   1350.0  0.270624E-02  0.485397E-03     31
   1400.0  0.261894E-02  0.477525E-03     30
   1450.0  0.270624E-02  0.485397E-03     31
   1500.0  0.279354E-02  0.493143E-03     32
   1550.0  0.305543E-02  0.515673E-03     35
   1600.0  0.305543E-02  0.515673E-03     35
   1650.0  0.314273E-02  0.522965E-03     36
   1700.0  0.340463E-02  0.544248E-03     39
   1750.0  0.357922E-02  0.557979E-03     41
   1800.0  0.375382E-02  0.571377E-03     43
   1850.0  0.410301E-02  0.597257E-03     47
   1900.0  0.419031E-02  0.603551E-03     48
   1950.0  0.427761E-02  0.609778E-03     49
   2000.0  0.453950E-02  0.628085E-03     52
   2050.0  0.471410E-02  0.639994E-03     54
   2100.0  0.480140E-02  0.645864E-03     55
   2150.0  0.549978E-02  0.690999E-03     63
   2200.0  0.549978E-02  0.690999E-03     63
   2250.0  0.541248E-02  0.685523E-03     62
   2300.0  0.593627E-02  0.717739E-03     68
   2350.0  0.602357E-02  0.722965E-03     69
   2400.0  0.637276E-02  0.743495E-03     73
   2450.0  0.654736E-02  0.753545E-03     75
   2500.0  0.663466E-02  0.758519E-03     76
   2550.0  0.724574E-02  0.792437E-03     83
   2600.0  0.776953E-02  0.820363E-03     89
   2650.0  0.776953E-02  0.820363E-03     89
   2700.0  0.820602E-02  0.842907E-03     94
   2750.0  0.811873E-02  0.838448E-03     93
   2800.0  0.864251E-02  0.864844E-03     99
   2850.0  0.864251E-02  0.864844E-03     99
   2900.0  0.899171E-02  0.881987E-03    103
   2950.0  0.960279E-02  0.911184E-03    110
   3000.0  0.102139E-01  0.939439E-03    117
   3050.0  0.104758E-01  0.951281E-03    120
   3100.0  0.108250E-01  0.966835E-03    124
   3150.0  0.107377E-01  0.962971E-03    123
   3200.0  0.109996E-01  0.974515E-03    126
   3250.0  0.114361E-01  0.993443E-03    131
   3300.0  0.115234E-01  0.997183E-03    132
   3350.0  0.117852E-01  0.100832E-02    135
   3400.0  0.121344E-01  0.102297E-02    139
   3450.0  0.122217E-01  0.102659E-02    140
   3500.0  0.131820E-01  0.106564E-02    151
   3550.0  0.130947E-01  0.106216E-02    150
   3600.0  0.132693E-01  0.106912E-02    152
   3650.0  0.136185E-01  0.108290E-02    156
   3700.0  0.138804E-01  0.109312E-02    159
   3750.0  0.142296E-01  0.110659E-02    163
   3800.0  0.145788E-01  0.111989E-02    167
   3850.0  0.145788E-01  0.111989E-02    167
   3900.0  0.148407E-01  0.112975E-02    170
   3950.0  0.151899E-01  0.114276E-02    174
   4000.0  0.158010E-01  0.116516E-02    181
   4050.0  0.163247E-01  0.118400E-02    187
   4100.0  0.169358E-01  0.120558E-02    194
   4150.0  0.171977E-01  0.121471E-02    197
   4200.0  0.171977E-01  0.121471E-02    197
   4250.0  0.174596E-01  0.122376E-02    200
   4300.0  0.182453E-01  0.125049E-02    209
   4350.0  0.185072E-01  0.125926E-02    212
   4400.0  0.189437E-01  0.127374E-02    217
   4450.0  0.192056E-01  0.128235E-02    220
   4500.0  0.192056E-01  0.128235E-02    220
   4550.0  0.194675E-01  0.129089E-02    223
   4600.0  0.195548E-01  0.129372E-02    224
   4650.0  0.199040E-01  0.130499E-02    228
   4700.0  0.201659E-01  0.131337E-02    231
   4750.0  0.205151E-01  0.132446E-02    235
   4800.0  0.207770E-01  0.133271E-02    238
   4850.0  0.206897E-01  0.132996E-02    237
   4900.0  0.210388E-01  0.134090E-02    241
   4950.0  0.219118E-01  0.136783E-02    251
   5000.0  0.221737E-01  0.137579E-02    254
   5050.0  0.224356E-01  0.138371E-02    257
   5100.0  0.226975E-01  0.139157E-02    260
   5150.0  0.230467E-01  0.140199E-02    264
   5200.0  0.230467E-01  0.140199E-02    264
   5250.0  0.234832E-01  0.141488E-02    269
   5300.0  0.232213E-01  0.140716E-02    266
   5350.0  0.235705E-01  0.141745E-02    270
   5400.0  0.235705E-01  0.141745E-02    270
   5450.0  0.240943E-01  0.143273E-02    276
   5500.0  0.241816E-01  0.143526E-02    277
   5550.0  0.247054E-01  0.145033E-02    283
   5600.0  0.254911E-01  0.147262E-02    292
   5650.0  0.256656E-01  0.147752E-02    294
   5700.0  0.264513E-01  0.149936E-02    303
   5750.0  0.264513E-01  0.149936E-02    303
   5800.0  0.268878E-01  0.151134E-02    308
   5850.0  0.271497E-01  0.151848E-02    311
   5900.0  0.272370E-01  0.152085E-02    312
   5950.0  0.274116E-01  0.152558E-02    314
   6000.0  0.276735E-01  0.153264E-02    317
   6050.0  0.277608E-01  0.153499E-02    318
   6100.0  0.276735E-01  0.153264E-02    317
   6150.0  0.281973E-01  0.154666E-02    323
   6200.0  0.283719E-01  0.155130E-02    325
   6250.0  0.289830E-01  0.156743E-02    332
   6300.0  0.294195E-01  0.157883E-02    337
   6350.0  0.294195E-01  0.157883E-02    337
   6400.0  0.295068E-01  0.158110E-02    338
   6450.0  0.301179E-01  0.159689E-02    345
   6500.0  0.302924E-01  0.160136E-02    347
   6550.0  0.309035E-01  0.161693E-02    354
   6600.0  0.310781E-01  0.162134E-02    356
   6650.0  0.315146E-01  0.163232E-02    361
   6700.0  0.320384E-01  0.164538E-02    367
   6750.0  0.324749E-01  0.165618E-02    372
   6800.0  0.323876E-01  0.165403E-02    371
   6850.0  0.327368E-01  0.166262E-02    375
   6900.0  0.330860E-01  0.167116E-02    379
   6950.0  0.332606E-01  0.167541E-02    381
   7000.0  0.329987E-01  0.166903E-02    378
   7050.0  0.333479E-01  0.167754E-02    382
   7100.0  0.333479E-01  0.167754E-02    382
   7150.0  0.335225E-01  0.168177E-02    384
   7200.0  0.334352E-01  0.167965E-02    383
   7250.0  0.338717E-01  0.169020E-02    388
   7300.0  0.341336E-01  0.169649E-02    391
   7350.0  0.343955E-01  0.170276E-02    394
   7400.0  0.350065E-01  0.171727E-02    401
   7450.0  0.350938E-01  0.171933E-02    402
   7500.0  0.353557E-01  0.172550E-02    405
   7550.0  0.357922E-01  0.173573E-02    410
   7600.0  0.354430E-01  0.172755E-02    406
   7650.0  0.360541E-01  0.174183E-02    413
   7700.0  0.363160E-01  0.174791E-02    416
   7750.0  0.363160E-01  0.174791E-02    416
   7800.0  0.365779E-01  0.175396E-02    419
   7850.0  0.369271E-01  0.176199E-02    423
   7900.0  0.372763E-01  0.176999E-02    427
   7950.0  0.371890E-01  0.176799E-02    426
   8000.0  0.372763E-01  0.176999E-02    427
   8050.0  0.377128E-01  0.177991E-02    432
   8100.0  0.380620E-01  0.178781E-02    436
   8150.0  0.383239E-01  0.179371E-02    439
   8200.0  0.387604E-01  0.180348E-02    444
   8250.0  0.392842E-01  0.181513E-02    450
   8300.0  0.397206E-01  0.182478E-02    455
   8350.0  0.400698E-01  0.183245E-02    459
   8400.0  0.404190E-01  0.184008E-02    463
   8450.0  0.405063E-01  0.184198E-02    464
   8500.0  0.406809E-01  0.184578E-02    466
   8550.0  0.409428E-01  0.185146E-02    469
   8600.0  0.412920E-01  0.185900E-02    473
   8650.0  0.412920E-01  0.185900E-02    473
   8700.0  0.416412E-01  0.186650E-02    477
   8750.0  0.419031E-01  0.187211E-02    480
   8800.0  0.419031E-01  0.187211E-02    480
   8850.0  0.424269E-01  0.188325E-02    486
   8900.0  0.426888E-01  0.188880E-02    489
   8950.0  0.430380E-01  0.189616E-02    493
   9000.0  0.432126E-01  0.189983E-02    495
   9050.0  0.439110E-01  0.191442E-02    503
   9100.0  0.441729E-01  0.191986E-02    506
   9150.0  0.439110E-01  0.191442E-02    503
   9200.0  0.439983E-01  0.191624E-02    504
   9250.0  0.441729E-01  0.191986E-02    506
   9300.0  0.442601E-01  0.192167E-02    507
   9350.0  0.442601E-01  0.192167E-02    507
   9400.0  0.446966E-01  0.193068E-02    512
   9450.0  0.448712E-01  0.193427E-02    514
   9500.0  0.448712E-01  0.193427E-02    514
   9550.0  0.450458E-01  0.193785E-02    516
   9600.0  0.457442E-01  0.195210E-02    524
   9650.0  0.458315E-01  0.195388E-02    525
   9700.0  0.459188E-01  0.195565E-02    526
   9750.0  0.459188E-01  0.195565E-02    526
   9800.0  0.457442E-01  0.195210E-02    524
   9850.0  0.457442E-01  0.195210E-02    524
   9900.0  0.456569E-01  0.195033E-02    523
   9950.0  0.456569E-01  0.195033E-02    523
  10000.0  0.456569E-01  0.195033E-02    523
  10050.0  0.457442E-01  0.195210E-02    524
  10100.0  0.462680E-01  0.196271E-02    530
  10150.0  0.461807E-01  0.196095E-02    529
  10200.0  0.464426E-01  0.196623E-02    532
  10250.0  0.466172E-01  0.196974E-02    534
  10300.0  0.465299E-01  0.196799E-02    533
  10350.0  0.465299E-01  0.196799E-02    533
  10400.0  0.469664E-01  0.197674E-02    538
  10450.0  0.469664E-01  0.197674E-02    538
  10500.0  0.471410E-01  0.198023E-02    540
  10550.0  0.473156E-01  0.198371E-02    542
  10600.0  0.474029E-01  0.198545E-02    543
  10650.0  0.474029E-01  0.198545E-02    543
  10700.0  0.474029E-01  0.198545E-02    543
  10750.0  0.476648E-01  0.199066E-02    546
  10800.0  0.479267E-01  0.199584E-02    549
  10850.0  0.480140E-01  0.199757E-02    550
  10900.0  0.482759E-01  0.200273E-02    553
  10950.0  0.483632E-01  0.200445E-02    554
  11000.0  0.483632E-01  0.200445E-02    554
  11050.0  0.484505E-01  0.200617E-02    555
  11100.0  0.483632E-01  0.200445E-02    554
  11150.0  0.483632E-01  0.200445E-02    554
  11200.0  0.485378E-01  0.200788E-02    556
  11250.0  0.486251E-01  0.200959E-02    557
  11300.0  0.487124E-01  0.201131E-02    558
  11350.0  0.486251E-01  0.200959E-02    557
  11400.0  0.486251E-01  0.200959E-02    557
  11450.0  0.487997E-01  0.201301E-02    559
  11500.0  0.489742E-01  0.201643E-02    561
  11550.0  0.491488E-01  0.201983E-02    563
  11600.0  0.490615E-01  0.201813E-02    562
  11650.0  0.491488E-01  0.201983E-02    563
  11700.0  0.494980E-01  0.202662E-02    567
  11750.0  0.494980E-01  0.202662E-02    567
  11800.0  0.496726E-01  0.203001E-02    569
  11850.0  0.495853E-01  0.202832E-02    568
  11900.0  0.494107E-01  0.202493E-02    566
  11950.0  0.497599E-01  0.203170E-02    570
  12000.0  0.502837E-01  0.204180E-02    576
  12050.0  0.503710E-01  0.204348E-02    577
  12100.0  0.504583E-01  0.204515E-02    578
  12150.0  0.505456E-01  0.204683E-02    579
  12200.0  0.508075E-01  0.205184E-02    582
  12250.0  0.508948E-01  0.205351E-02    583
  12300.0  0.507202E-01  0.205017E-02    581
  12350.0  0.508075E-01  0.205184E-02    582
  12400.0  0.508075E-01  0.205184E-02    582
  12450.0  0.508948E-01  0.205351E-02    583
  12500.0  0.507202E-01  0.205017E-02    581
  12550.0  0.511567E-01  0.205850E-02    586
  12600.0  0.512440E-01  0.206016E-02    587
  12650.0  0.512440E-01  0.206016E-02    587
  12700.0  0.511567E-01  0.205850E-02    586
  12750.0  0.514186E-01  0.206348E-02    589
  12800.0  0.515932E-01  0.206679E-02    591
  12850.0  0.518551E-01  0.207174E-02    594
  12900.0  0.520297E-01  0.207503E-02    596
  12950.0  0.523789E-01  0.208160E-02    600
  13000.0  0.524662E-01  0.208324E-02    601
  13050.0  0.526408E-01  0.208651E-02    603
  13100.0  0.527281E-01  0.208815E-02    604
  13150.0  0.532519E-01  0.209791E-02    610
  13200.0  0.529900E-01  0.209304E-02    607
  13250.0  0.532519E-01  0.209791E-02    610
  13300.0  0.532519E-01  0.209791E-02    610
  13350.0  0.534265E-01  0.210115E-02    612
  13400.0  0.535137E-01  0.210277E-02    613
  13450.0  0.536883E-01  0.210601E-02    615
  13500.0  0.536010E-01  0.210439E-02    614
  13550.0  0.537756E-01  0.210762E-02    616
  13600.0  0.542121E-01  0.211567E-02    621
  13650.0  0.541248E-01  0.211406E-02    620
  13700.0  0.544740E-01  0.212048E-02    624
  13750.0  0.543867E-01  0.211888E-02    623
  13800.0  0.544740E-01  0.212048E-02    624
  13850.0  0.547359E-01  0.212528E-02    627
  13900.0  0.544740E-01  0.212048E-02    624
  13950.0  0.546486E-01  0.212368E-02    626
  14000.0  0.547359E-01  0.212528E-02    627
  14050.0  0.547359E-01  0.212528E-02    627
  14100.0  0.550851E-01  0.213165E-02    631
  14150.0  0.549978E-01  0.213006E-02    630
  14200.0  0.551724E-01  0.213324E-02    632
  14250.0  0.553470E-01  0.213642E-02    634
  14300.0  0.556089E-01  0.214117E-02    637
  14350.0  0.557835E-01  0.214433E-02    639
  14400.0  0.557835E-01  0.214433E-02    639
  14450.0  0.556089E-01  0.214117E-02    637
  14500.0  0.558708E-01  0.214591E-02    640
  14550.0  0.556962E-01  0.214275E-02    638
  14600.0  0.559581E-01  0.214748E-02    641
  14650.0  0.560454E-01  0.214906E-02    642
  14700.0  0.561327E-01  0.215063E-02    643
  14750.0  0.563073E-01  0.215377E-02    645
  14800.0  0.563073E-01  0.215377E-02    645
  14850.0  0.560454E-01  0.214906E-02    642
  14900.0  0.562200E-01  0.215220E-02    644
  14950.0  0.565692E-01  0.215848E-02    648
  15000.0  0.568311E-01  0.216317E-02    651
