      0.0  0.000000E+00  0.000000E+00      0
     50.0  0.000000E+00  0.000000E+00      0
    100.0  0.174596E-03  0.123447E-03      2
    150.0  0.349192E-03  0.174566E-03      4
    200.0  0.698385E-03  0.246830E-03      8
    250.0  0.130947E-02  0.337883E-03     15
    300.0  0.296814E-02  0.508275E-03     34
    350.0  0.375382E-02  0.571377E-03     43
    400.0  0.497599E-02  0.657445E-03     57
    450.0  0.628546E-02  0.738417E-03     72
    500.0  0.785683E-02  0.824923E-03     90
    550.0  0.969009E-02  0.915276E-03    111
    600.0  0.116107E-01  0.100091E-02    133
    650.0  0.134439E-01  0.107603E-02    154
    700.0  0.153645E-01  0.114921E-02    176
    750.0  0.171104E-01  0.121167E-02    196
    800.0  0.198167E-01  0.130218E-02    227
    850.0  0.226102E-01  0.138896E-02    259
    900.0  0.248800E-01  0.145531E-02    285
    950.0  0.275862E-01  0.153029E-02    316
   1000.0  0.305543E-01  0.160805E-02    350
   1050.0  0.336098E-01  0.168388E-02    385
   1100.0  0.359668E-01  0.173980E-02    412
   1150.0  0.384985E-01  0.179763E-02    441
   1200.0  0.416412E-01  0.186650E-02    477
   1250.0  0.449585E-01  0.193606E-02    515
   1300.0  0.485378E-01  0.200788E-02    556
   1350.0  0.509821E-01  0.205517E-02    584
   1400.0  0.549105E-01  0.212847E-02    629
   1450.0  0.574422E-01  0.217406E-02    658
   1500.0  0.603230E-01  0.222450E-02    691
   1550.0  0.629419E-01  0.226911E-02    721
   1600.0  0.657355E-01  0.231546E-02    753
   1650.0  0.703623E-01  0.238962E-02    806
   1700.0  0.742034E-01  0.244891E-02    850
   1750.0  0.778699E-01  0.250371E-02    892
   1800.0  0.813619E-01  0.255438E-02    932
   1850.0  0.844173E-01  0.259757E-02    967
   1900.0  0.875600E-01  0.264093E-02   1003
   1950.0  0.913138E-01  0.269140E-02   1046
   2000.0  0.947185E-01  0.273597E-02   1085
   2050.0  0.979485E-01  0.277726E-02   1122
   2100.0  0.101615E+00  0.282301E-02   1164
   2150.0  0.104583E+00  0.285921E-02   1198
   2200.0  0.107726E+00  0.289675E-02   1234
   2250.0  0.111829E+00  0.294461E-02   1281
   2300.0  0.114273E+00  0.297252E-02   1309
   2350.0  0.117940E+00  0.301357E-02   1351
   2400.0  0.121257E+00  0.304991E-02   1389
   2450.0  0.124924E+00  0.308921E-02   1431
   2500.0  0.127979E+00  0.312130E-02   1466
   2550.0  0.131384E+00  0.315636E-02   1505
   2600.0  0.134090E+00  0.318374E-02   1536
   2650.0  0.138106E+00  0.322356E-02   1582
   2700.0  0.141685E+00  0.325827E-02   1623
   2750.0  0.145701E+00  0.329639E-02   1669
   2800.0  0.148581E+00  0.332320E-02   1702
   2850.0  0.152423E+00  0.335828E-02   1746
   2900.0  0.155914E+00  0.338953E-02   1786
   2950.0  0.159756E+00  0.342321E-02   1830
   3000.0  0.162898E+00  0.345024E-02   1866
   3050.0  0.166565E+00  0.348121E-02   1908
   3100.0  0.170581E+00  0.351443E-02   1954
   3150.0  0.174771E+00  0.354833E-02   2002
   3200.0  0.178699E+00  0.357944E-02   2047
   3250.0  0.181842E+00  0.360386E-02   2083
   3300.0  0.186120E+00  0.363646E-02   2132
   3350.0  0.189786E+00  0.366382E-02   2174
   3400.0  0.192754E+00  0.368559E-02   2208
   3450.0  0.196421E+00  0.371202E-02   2250
   3500.0  0.200436E+00  0.374039E-02   2296
   3550.0  0.205238E+00  0.377355E-02   2351
   3600.0  0.209341E+00  0.380123E-02   2398
   3650.0  0.213444E+00  0.382833E-02   2445
   3700.0  0.216325E+00  0.384701E-02   2478
   3750.0  0.219467E+00  0.386708E-02   2514
   3800.0  0.222698E+00  0.388736E-02   2551
   3850.0  0.226277E+00  0.390945E-02   2592
   3900.0  0.230031E+00  0.393217E-02   2635
   3950.0  0.233697E+00  0.395393E-02   2677
   4000.0  0.236491E+00  0.397024E-02   2709
   4050.0  0.239721E+00  0.398880E-02   2746
   4100.0  0.243649E+00  0.401094E-02   2791
   4150.0  0.246966E+00  0.402929E-02   2829
   4200.0  0.251244E+00  0.405248E-02   2878
   4250.0  0.253863E+00  0.406641E-02   2908
   4300.0  0.255784E+00  0.407651E-02   2930
   4350.0  0.259450E+00  0.409550E-02   2972
   4400.0  0.261545E+00  0.410618E-02   2996
   4450.0  0.264513E+00  0.412110E-02   3030
   4500.0  0.268005E+00  0.413836E-02   3070
   4550.0  0.272021E+00  0.415779E-02   3116
   4600.0  0.275076E+00  0.417230E-02   3151
   4650.0  0.277870E+00  0.418534E-02   3183
   4700.0  0.282148E+00  0.420492E-02   3232
   4750.0  0.286862E+00  0.422596E-02   3286
   4800.0  0.290266E+00  0.424081E-02   3325
   4850.0  0.294369E+00  0.425831E-02   3372
   4900.0  0.297948E+00  0.427324E-02   3413
   4950.0  0.300742E+00  0.428468E-02   3445
   5000.0  0.304321E+00  0.429905E-02   3486
   5050.0  0.308773E+00  0.431651E-02   3537
   5100.0  0.312353E+00  0.433020E-02   3578
   5150.0  0.315845E+00  0.434327E-02   3618
   5200.0  0.318551E+00  0.435320E-02   3649
   5250.0  0.321170E+00  0.436265E-02   3679
   5300.0  0.324574E+00  0.437470E-02   3718
   5350.0  0.328852E+00  0.438947E-02   3767
   5400.0  0.332431E+00  0.440151E-02   3808
   5450.0  0.335574E+00  0.441184E-02   3844
   5500.0  0.338804E+00  0.442224E-02   3881
   5550.0  0.341947E+00  0.443213E-02   3917
   5600.0  0.344391E+00  0.443967E-02   3945
   5650.0  0.348058E+00  0.445074E-02   3987
   5700.0  0.351288E+00  0.446026E-02   4024
   5750.0  0.354168E+00  0.446855E-02   4057
   5800.0  0.357224E+00  0.447716E-02   4092
   5850.0  0.360629E+00  0.448652E-02   4131
   5900.0  0.364033E+00  0.449563E-02   4170
   5950.0  0.368049E+00  0.450606E-02   4216
   6000.0  0.370406E+00  0.451203E-02   4243
   6050.0  0.373723E+00  0.452023E-02   4281
   6100.0  0.375382E+00  0.452425E-02   4300
   6150.0  0.378263E+00  0.453109E-02   4333
   6200.0  0.381493E+00  0.453856E-02   4370
   6250.0  0.384374E+00  0.454504E-02   4403
   6300.0  0.387429E+00  0.455173E-02   4438
   6350.0  0.390135E+00  0.455750E-02   4469
   6400.0  0.392754E+00  0.456294E-02   4499
   6450.0  0.394064E+00  0.456561E-02   4514
   6500.0  0.397556E+00  0.457256E-02   4554
   6550.0  0.399913E+00  0.457712E-02   4581
   6600.0  0.402794E+00  0.458254E-02   4614
   6650.0  0.405674E+00  0.458779E-02   4647
   6700.0  0.408119E+00  0.459212E-02   4675
   6750.0  0.410301E+00  0.459588E-02   4700
   6800.0  0.413357E+00  0.460100E-02   4735
   6850.0  0.416587E+00  0.460621E-02   4772
   6900.0  0.419904E+00  0.461134E-02   4810
   6950.0  0.421912E+00  0.461435E-02   4833
   7000.0  0.426801E+00  0.462134E-02   4889
   7050.0  0.429681E+00  0.462524E-02   4922
   7100.0  0.433173E+00  0.462976E-02   4962
   7150.0  0.436578E+00  0.463394E-02   5001
   7200.0  0.440070E+00  0.463799E-02   5041
   7250.0  0.442776E+00  0.464098E-02   5072
   7300.0  0.445657E+00  0.464400E-02   5105
   7350.0  0.448887E+00  0.464720E-02   5142
   7400.0  0.451244E+00  0.464941E-02   5169
   7450.0  0.454387E+00  0.465219E-02   5205
   7500.0  0.457268E+00  0.465458E-02   5238
   7550.0  0.459712E+00  0.465648E-02   5266
   7600.0  0.463291E+00  0.465907E-02   5307
   7650.0  0.464863E+00  0.466012E-02   5325
   7700.0  0.467394E+00  0.466173E-02   5354
   7750.0  0.469926E+00  0.466321E-02   5383
   7800.0  0.472981E+00  0.466485E-02   5418
   7850.0  0.475513E+00  0.466607E-02   5447
   7900.0  0.477521E+00  0.466695E-02   5470
   7950.0  0.480227E+00  0.466802E-02   5501
   8000.0  0.482846E+00  0.466892E-02   5531
   8050.0  0.484941E+00  0.466955E-02   5555
   8100.0  0.487211E+00  0.467014E-02   5581
   8150.0  0.489393E+00  0.467062E-02   5606
   8200.0  0.491576E+00  0.467101E-02   5631
   8250.0  0.494020E+00  0.467134E-02   5659
   8300.0  0.496552E+00  0.467156E-02   5688
   8350.0  0.498909E+00  0.467166E-02   5715
   8400.0  0.501964E+00  0.467164E-02   5750
   8450.0  0.505020E+00  0.467144E-02   5785
   8500.0  0.507988E+00  0.467108E-02   5819
   8550.0  0.510694E+00  0.467060E-02   5850
   8600.0  0.513138E+00  0.467006E-02   5878
   8650.0  0.515670E+00  0.466938E-02   5907
   8700.0  0.518027E+00  0.466864E-02   5934
   8750.0  0.520821E+00  0.466762E-02   5966
   8800.0  0.523265E+00  0.466661E-02   5994
   8850.0  0.525622E+00  0.466554E-02   6021
   8900.0  0.527281E+00  0.466471E-02   6040
   8950.0  0.529550E+00  0.466351E-02   6066
   9000.0  0.532257E+00  0.466194E-02   6097
   9050.0  0.534439E+00  0.466058E-02   6122
   9100.0  0.536883E+00  0.465895E-02   6150
   9150.0  0.539328E+00  0.465720E-02   6178
   9200.0  0.542732E+00  0.465458E-02   6217
   9250.0  0.544915E+00  0.465279E-02   6242
   9300.0  0.547883E+00  0.465020E-02   6276
   9350.0  0.550938E+00  0.464737E-02   6311
   9400.0  0.553819E+00  0.464453E-02   6344
   9450.0  0.557311E+00  0.464088E-02   6384
   9500.0  0.559494E+00  0.463848E-02   6409
   9550.0  0.562287E+00  0.463528E-02   6441
   9600.0  0.564208E+00  0.463299E-02   6463
   9650.0  0.566565E+00  0.463009E-02   6490
   9700.0  0.567700E+00  0.462865E-02   6503
   9750.0  0.569882E+00  0.462582E-02   6528
   9800.0  0.571715E+00  0.462337E-02   6549
   9850.0  0.573636E+00  0.462073E-02   6571
   9900.0  0.575993E+00  0.461740E-02   6598
   9950.0  0.578350E+00  0.461396E-02   6625
  10000.0  0.581056E+00  0.460988E-02   6656
  10050.0  0.583239E+00  0.460648E-02   6681
  10100.0  0.585421E+00  0.460299E-02   6706
  10150.0  0.587604E+00  0.459941E-02   6731
  10200.0  0.589961E+00  0.459544E-02   6758
  10250.0  0.592143E+00  0.459166E-02   6783
  10300.0  0.594238E+00  0.458795E-02   6807
  10350.0  0.596683E+00  0.458350E-02   6835
  10400.0  0.598952E+00  0.457927E-02   6861
  10450.0  0.601571E+00  0.457426E-02   6891
  10500.0  0.603579E+00  0.457033E-02   6914
  10550.0  0.605412E+00  0.456667E-02   6935
  10600.0  0.607770E+00  0.456187E-02   6962
  10650.0  0.610388E+00  0.455640E-02   6992
  10700.0  0.612571E+00  0.455173E-02   7017
  10750.0  0.614404E+00  0.454774E-02   7038
  10800.0  0.615801E+00  0.454465E-02   7054
  10850.0  0.617722E+00  0.454034E-02   7076
  10900.0  0.619555E+00  0.453616E-02   7097
  10950.0  0.621912E+00  0.453068E-02   7124
  11000.0  0.623570E+00  0.452676E-02   7143
  11050.0  0.625316E+00  0.452256E-02   7163
  11100.0  0.626626E+00  0.451938E-02   7178
  11150.0  0.628372E+00  0.451508E-02   7198
  11200.0  0.629681E+00  0.451181E-02   7213
  11250.0  0.631253E+00  0.450784E-02   7231
  11300.0  0.633697E+00  0.450156E-02   7259
  11350.0  0.635967E+00  0.449563E-02   7285
  11400.0  0.638324E+00  0.448934E-02   7312
  11450.0  0.640332E+00  0.448390E-02   7335
  11500.0  0.641729E+00  0.448006E-02   7351
  11550.0  0.643824E+00  0.447423E-02   7375
  11600.0  0.645657E+00  0.446905E-02   7396
  11650.0  0.647403E+00  0.446405E-02   7416
  11700.0  0.648887E+00  0.445975E-02   7433
  11750.0  0.650458E+00  0.445514E-02   7451
  11800.0  0.652641E+00  0.444866E-02   7476
  11850.0  0.654038E+00  0.444445E-02   7492
  11900.0  0.655085E+00  0.444127E-02   7504
  11950.0  0.657006E+00  0.443538E-02   7526
  12000.0  0.658228E+00  0.443158E-02   7540
  12050.0  0.659887E+00  0.442638E-02   7559
  12100.0  0.662156E+00  0.441917E-02   7585
  12150.0  0.663553E+00  0.441467E-02   7601
  12200.0  0.665124E+00  0.440956E-02   7619
  12250.0  0.666434E+00  0.440526E-02   7634
  12300.0  0.668791E+00  0.439743E-02   7661
  12350.0  0.670537E+00  0.439154E-02   7681
  12400.0  0.672283E+00  0.438559E-02   7701
  12450.0  0.673680E+00  0.438078E-02   7717
  12500.0  0.675513E+00  0.437440E-02   7738
  12550.0  0.676997E+00  0.436917E-02   7755
  12600.0  0.678656E+00  0.436327E-02   7774
  12650.0  0.680489E+00  0.435668E-02   7795
  12700.0  0.682235E+00  0.435033E-02   7815
  12750.0  0.684068E+00  0.434359E-02   7836
  12800.0  0.685203E+00  0.433938E-02   7849
  12850.0  0.687124E+00  0.433218E-02   7871
  12900.0  0.688782E+00  0.432589E-02   7890
  12950.0  0.690703E+00  0.431853E-02   7912
  13000.0  0.691750E+00  0.431448E-02   7924
  13050.0  0.693322E+00  0.430835E-02   7942
  13100.0  0.695417E+00  0.430009E-02   7966
  13150.0  0.696639E+00  0.429523E-02   7980
  13200.0  0.698909E+00  0.428609E-02   8006
  13250.0  0.699520E+00  0.428361E-02   8013
  13300.0  0.701179E+00  0.427684E-02   8032
  13350.0  0.703186E+00  0.426854E-02   8055
  13400.0  0.705020E+00  0.426088E-02   8076
  13450.0  0.705805E+00  0.425758E-02   8085
  13500.0  0.707377E+00  0.425091E-02   8103
  13550.0  0.707988E+00  0.424831E-02   8110
  13600.0  0.709210E+00  0.424306E-02   8124
  13650.0  0.710519E+00  0.423741E-02   8139
  13700.0  0.711654E+00  0.423247E-02   8152
  13750.0  0.713138E+00  0.422596E-02   8169
  13800.0  0.714011E+00  0.422211E-02   8179
  13850.0  0.715059E+00  0.421746E-02   8191
  13900.0  0.716543E+00  0.421082E-02   8208
  13950.0  0.717765E+00  0.420532E-02   8222
  14000.0  0.718725E+00  0.420097E-02   8233
  14050.0  0.720384E+00  0.419339E-02   8252
  14100.0  0.722043E+00  0.418575E-02   8271
  14150.0  0.723527E+00  0.417884E-02   8288
  14200.0  0.724749E+00  0.417312E-02   8302
  14250.0  0.726320E+00  0.416570E-02   8320
  14300.0  0.727281E+00  0.416113E-02   8331
  14350.0  0.728503E+00  0.415528E-02   8345
  14400.0  0.729812E+00  0.414898E-02   8360
  14450.0  0.731558E+00  0.414049E-02   8380
  14500.0  0.732693E+00  0.413493E-02   8393
  14550.0  0.734439E+00  0.412632E-02   8413
  14600.0  0.735836E+00  0.411936E-02   8429
  14650.0  0.736971E+00  0.411367E-02   8442
  14700.0  0.738193E+00  0.410750E-02   8456
  14750.0  0.738979E+00  0.410352E-02   8465
  14800.0  0.740113E+00  0.409773E-02   8478
  14850.0  0.741423E+00  0.409101E-02   8493
  14900.0  0.742907E+00  0.408333E-02   8510
  14950.0  0.743955E+00  0.407788E-02   8522
  15000.0  0.745177E+00  0.407147E-02   8536
